%YAML:1.0
---
CameraMatrix: !!opencv-matrix
   rows: 3
   cols: 3
   dt: d
   data: [ 5.7839074707031250e+02, 0., 3.2081118774414062e+02, 0.,
       5.7839074707031250e+02, 2.3217575073242188e+02, 0., 0., 1. ]
